<?xml version="1.0"?>
<opencv_storage>
<calibration_Time>"02/12/13 17:58:23"</calibration_Time>
<nrOfFrames>25</nrOfFrames>
<image_Width>640</image_Width>
<image_Height>480</image_Height>
<board_Width>8</board_Width>
<board_Height>6</board_Height>
<square_Size>2.4750000000000000e+001</square_Size>
<FixAspectRatio>1.</FixAspectRatio>
<!-- flags:  +fix_aspectRatio +fix_principal_point +zero_tangent_dist -->
<flagValue>14</flagValue>
<Camera_Matrix type_id="opencv-matrix">
  <rows>3</rows>
  <cols>3</cols>
  <dt>d</dt>
  <data>
    1.9652774172365851e+003 0. 3.1950000000000000e+002 0.
    1.9652774172365851e+003 2.3950000000000000e+002 0. 0. 1.</data></Camera_Matrix>
<Distortion_Coefficients type_id="opencv-matrix">
  <rows>5</rows>
  <cols>1</cols>
  <dt>d</dt>
  <data>
    -4.6685302494745136e+000 1.6295905364360181e+002 0. 0.
    -3.6121438207365636e+003</data></Distortion_Coefficients>
<Avg_Reprojection_Error>6.6521383567117176e-001</Avg_Reprojection_Error>
<Per_View_Reprojection_Errors type_id="opencv-matrix">
  <rows>25</rows>
  <cols>1</cols>
  <dt>f</dt>
  <data>
    3.11040759e-001 3.35446179e-001 3.65397573e-001 7.31406868e-001
    8.21523368e-001 5.07647038e-001 4.76349115e-001 1.63629329e+000
    4.40824270e-001 8.28295588e-001 5.72387755e-001 6.28992260e-001
    6.14390910e-001 6.11841083e-001 5.61650574e-001 6.07287228e-001
    5.15051961e-001 6.25264525e-001 6.08500779e-001 5.97770631e-001
    5.94054282e-001 5.94269931e-001 6.22856081e-001 6.43999398e-001
    6.44756615e-001</data></Per_View_Reprojection_Errors>
<!-- a set of 6-tuples (rotation vector + translation vector) for each view -->
<Extrinsic_Parameters type_id="opencv-matrix">
  <rows>25</rows>
  <cols>6</cols>
  <dt>d</dt>
  <data>
    -1.0557770555428619e-001 -3.6737460406094019e-002
    2.7310960020755309e-001 -7.2136059847714122e+001
    -1.2973324489130744e+002 3.3367241752441851e+003
    -1.1877836074475517e-001 -2.0935544270974878e-002
    2.7092733074565079e-001 -7.6900509052067690e+001
    -1.4898431520122642e+002 3.3420643170096341e+003
    -1.0512738135332941e-001 -2.2139921448472842e-002
    2.7295531305112491e-001 -8.4931658942138469e+001
    -1.5568966026131773e+002 3.3403882482266285e+003
    -9.9644868884073021e-002 9.5501208286525030e-003
    2.3444393120798487e-001 -1.6234546259743755e+002
    -2.4171424979071688e+002 3.2896652784030125e+003
    2.0106597737078311e-001 -1.9709957758047347e-001
    8.0096471454348409e-002 -3.1534890362734637e+002
    -1.1332625515739991e+002 3.1912452356077270e+003
    -1.6335848159596217e-001 9.3867273533077035e-003
    1.1075612099087996e-001 -2.7579897836628658e+002
    -1.2869541367220936e+002 3.2677574691274781e+003
    1.2100831661572053e-001 -2.0086936605833175e-001
    8.8812066765182454e-002 -3.0873776385019914e+002
    -4.1089752989318839e+001 3.2420726464596632e+003
    -4.5585560460128571e-002 1.6958736798170792e-002
    6.0827547617561810e-002 -3.9604964204075867e+002
    8.4478498940554161e+001 3.2421447064812683e+003
    -5.4289234861355382e-002 -3.0451382778343433e-001
    1.4605859458265691e-001 -3.3679630223589419e+002
    1.0177711233024402e+002 3.1417613355725775e+003
    -1.2755324773611149e-001 1.1756174822080971e-001
    2.2625354196625369e-001 -3.5399581732667639e+002
    -5.8269424637312362e+001 2.6788319799719930e+003
    -2.2800025976052318e-001 -1.3435336785992627e-001
    4.3929804183232524e-001 2.9844010287410804e+001
    -1.2246062821863131e+002 2.4201659582822895e+003
    -2.7837901274058552e-001 -1.3477673000995596e-001
    4.7490193177164536e-001 1.5998907665332277e+002
    -1.4031210441832926e+002 2.3502719579143090e+003
    -2.8678268724565659e-001 -1.4069050925484694e-001
    4.5717350894974995e-001 1.8357674316966316e+002
    -1.1838075806138576e+002 2.3379091784098619e+003
    -2.8962812248074715e-001 -1.3436849574829485e-001
    4.6710426855312337e-001 1.9124966618211113e+002
    -1.5996984102220009e+002 2.3138044404903935e+003
    -2.5527979839783177e-001 -1.0993848974209022e-001
    4.6234091422758605e-001 4.1718818012697525e+001
    -1.4740105023350876e+002 2.4024829838241121e+003
    -2.7814661466187329e-001 -9.0835045764231057e-002
    3.7323096289784879e-001 5.6242879872243343e+001
    -5.6879264267004757e+001 2.4707460730428620e+003
    -2.5953107657927210e-001 -8.2662149843494973e-002
    3.8746923987279935e-001 2.2266224186231888e+001
    -9.0158223215968022e+001 2.4829618172990718e+003
    -2.5306458707473317e-001 -1.3080746173232949e-001
    4.2202938187895067e-001 1.1243734371143136e+001
    -1.4925856786363383e+001 2.5051834191922694e+003
    -2.6791053552807187e-001 -1.3372440775417993e-001
    4.0688819135091397e-001 4.0363139753328653e+001
    1.0606347005868919e+001 2.4976576317519457e+003
    -2.7773425806192503e-001 -1.3312575785779165e-001
    3.9662447352786795e-001 7.8239089472756120e+001
    3.8516155161891781e+001 2.4852383740811347e+003
    -2.7430419715116605e-001 -1.2833914789132742e-001
    3.9641145038695408e-001 1.1642706556133498e+002
    5.5948964951532425e+001 2.4613440171992556e+003
    -2.7434275953777920e-001 -1.2638017305928476e-001
    3.9807946635515801e-001 1.1747800738052264e+002
    4.8099721944595700e+001 2.4551613563309434e+003
    -2.7363135392407129e-001 -1.2931002278773301e-001
    4.0363822332228139e-001 1.6895847470526050e+002
    4.0124524317119928e+001 2.4227950128747361e+003
    -2.7659568997688250e-001 -1.2843430504052358e-001
    3.9991631773679631e-001 1.8575772077421166e+002
    3.6702414437832637e+001 2.4143963753657540e+003
    -2.7743620077124082e-001 -1.2611594905327314e-001
    3.8890481800754878e-001 1.8834348149684484e+002
    3.6102354077551958e+001 2.4138148561763442e+003</data></Extrinsic_Parameters>
