<?xml version="1.0"?>
<opencv_storage>
<calibration_Time>"02/15/13 14:34:41"</calibration_Time>
<nrOfFrames>25</nrOfFrames>
<image_Width>640</image_Width>
<image_Height>480</image_Height>
<board_Width>8</board_Width>
<board_Height>6</board_Height>
<square_Size>2.4750000000000000e+001</square_Size>
<FixAspectRatio>1.</FixAspectRatio>
<!-- flags:  +fix_aspectRatio +fix_principal_point +zero_tangent_dist -->
<flagValue>14</flagValue>
<Camera_Matrix type_id="opencv-matrix">
  <rows>3</rows>
  <cols>3</cols>
  <dt>d</dt>
  <data>
    6.9393607316678981e+002 0. 3.1950000000000000e+002 0.
    6.9393607316678981e+002 2.3950000000000000e+002 0. 0. 1.</data></Camera_Matrix>
<Distortion_Coefficients type_id="opencv-matrix">
  <rows>5</rows>
  <cols>1</cols>
  <dt>d</dt>
  <data>
    2.6983499515242942e-001 -2.0315267870834846e+000 0. 0.
    4.2077159097419390e+000</data></Distortion_Coefficients>
<Avg_Reprojection_Error>1.2137428654865510e+000</Avg_Reprojection_Error>
<Per_View_Reprojection_Errors type_id="opencv-matrix">
  <rows>25</rows>
  <cols>1</cols>
  <dt>f</dt>
  <data>
    4.95832384e-001 4.24164921e-001 3.23345482e-001 4.20439154e-001
    3.73346061e-001 3.97986382e-001 4.14504021e-001 2.62461752e-001
    3.18889290e-001 5.35977900e-001 3.41091484e-001 3.47268283e-001
    7.51989663e-001 5.75728607e+000 3.95045787e-001 3.40438575e-001
    3.75647455e-001 2.69155055e-001 3.18825752e-001 3.33214760e-001
    2.98953325e-001 3.44636947e-001 3.38546634e-001 3.53646129e-001
    3.16179514e-001</data></Per_View_Reprojection_Errors>
<!-- a set of 6-tuples (rotation vector + translation vector) for each view -->
<Extrinsic_Parameters type_id="opencv-matrix">
  <rows>25</rows>
  <cols>6</cols>
  <dt>d</dt>
  <data>
    -5.0840401970953986e-001 8.1788564677848591e-002
    -3.5203750884655528e-002 -8.5890702997282688e+001
    -3.6755768730956717e+001 4.3977538668321733e+002
    -5.2614699711213686e-001 6.2482896550011109e-002
    -4.6701286951542742e-002 -9.4471475095483811e+001
    -2.1289742993032537e+001 4.4229546565478182e+002
    -5.2508963402791253e-001 4.2103783003887056e-002
    -3.8950745868262096e-002 -8.1909648061747632e+001
    -1.9651663647159637e+001 4.4259061544857963e+002
    -5.4020850878532090e-001 1.6305357642707538e-001
    -1.4211802347770674e-002 -9.2586753628551968e+000
    -9.8637714970300383e+000 4.5813661290294431e+002
    -3.9187597633593224e-001 1.0690396680166959e-001
    -8.3042714139533985e-002 -4.7352319403587323e+001
    -9.6361723724047337e+001 4.3953107703202164e+002
    -4.5148002283717226e-001 -4.2819664104828308e-003
    -1.4438075987525806e-001 -1.1504216810627624e+002
    -6.4239066240996408e+001 4.3790787652201595e+002
    -4.5469325513319853e-001 -2.0104544446022153e-003
    -1.3885527643866952e-001 -1.1430189733717056e+002
    -6.2389044228307426e+001 4.3997601935987660e+002
    -4.7562553609590874e-001 -9.8553040146216575e-002
    -2.1154687305964390e-001 -1.7315513908511957e+002
    -4.9366526165401559e+001 4.2296230218937376e+002
    -4.3033110881127695e-001 -1.3128413433822850e-001
    -2.0330482879555536e-001 -1.8239321047390658e+002
    -7.2689431242122097e+001 4.1537892747007493e+002
    -3.8572237095352274e-001 -7.2317891153582239e-002
    -1.8528310835880599e-001 -1.5947944736220015e+002
    -7.7580904915537602e+001 4.2163718906433519e+002
    -5.9177576597610659e-001 -5.4082233929012759e-003
    -2.0984391711837760e-001 -1.2735787140361519e+002
    1.2982756527849178e+001 4.4755027079558721e+002
    -5.9029014352594456e-001 -2.2037750994707096e-002
    -2.0408643193475576e-001 -1.3251541352834658e+002
    1.2600131632530086e+001 4.4366539325607113e+002
    -5.5968940035268611e-001 -1.1605736681057124e-002
    -1.6490927588854920e-001 -9.9414884370414242e+001
    -1.0297504919111335e+001 4.4912068324607634e+002
    -4.2862392254053500e-001 2.5859590368882687e-002
    1.1712867879583486e+000 8.5635948573998064e+001
    -9.0089288408271941e+001 4.2258277429650622e+002
    -7.1669978435913398e-002 2.1127723090181107e-002
    1.5759568064622393e+000 1.8507291429712089e+002
    -9.7918144115694446e+001 4.1767716900488756e+002
    -4.5915282027807319e-001 -2.8437658472271987e-001
    1.3539437484047390e+000 -1.9855221562154224e+001
    -9.6581300303420619e+001 5.3401680734908143e+002
    -5.1178175631425316e-001 -2.1653684007835214e-001
    1.3913671260979454e+000 -3.2033562272877177e+001
    -5.3915012701407349e+001 5.4609056301958969e+002
    -4.3896110809210798e-001 -3.6098529264972984e-001
    1.3482861075470221e+000 -4.7138297375246580e+001
    -1.4048699945448695e+002 5.4588287367774126e+002
    -6.7726239284246514e-001 -5.1937795183941160e-001
    1.4928418191078745e+000 -5.6956682813886061e+001
    -7.4163764140513649e+001 5.9603745087175855e+002
    -6.5657271990478094e-001 -4.2242685260518364e-001
    1.4500179059988976e+000 -2.2102767507811741e+001
    -5.4479175879881289e+001 5.9809862268278130e+002
    -6.5752565378613526e-001 -4.1387085193956652e-001
    1.4416324612438087e+000 -1.7698614197283920e+001
    -5.2435594171505258e+001 5.9784500241169019e+002
    -6.2936782484711207e-001 -4.8765283950556354e-001
    1.4301119534567237e+000 -4.1321310129956814e+001
    -8.0506458936630423e+001 6.0787123210396567e+002
    -6.4999102014051779e-001 -5.6204975440271965e-001
    1.3798496308898602e+000 -7.9730349837751049e+001
    -1.0286765590361020e+002 6.0080779891066027e+002
    -7.4391459136304194e-001 -6.3882639362563631e-001
    1.3684357917010017e+000 -1.4199986786406879e+002
    -8.8857411277366182e+001 5.9746316577380219e+002
    -7.2990205582249956e-001 -5.6436539152211163e-001
    1.3954812483410113e+000 -1.0304476788662673e+002
    -7.1283801365129477e+001 6.0335416949983994e+002</data></Extrinsic_Parameters>
