<?xml version="1.0"?>
<opencv_storage>
<calibration_Time>"03/04/13 14:46:39"</calibration_Time>
<nrOfFrames>25</nrOfFrames>
<image_Width>640</image_Width>
<image_Height>480</image_Height>
<board_Width>8</board_Width>
<board_Height>6</board_Height>
<square_Size>2.4750000000000000e+001</square_Size>
<FixAspectRatio>1.</FixAspectRatio>
<!-- flags:  +fix_aspectRatio +fix_principal_point +zero_tangent_dist -->
<flagValue>14</flagValue>
<Camera_Matrix type_id="opencv-matrix">
  <rows>3</rows>
  <cols>3</cols>
  <dt>d</dt>
  <data>
    4.6670095456097198e+002 0. 3.1950000000000000e+002 0.
    4.6670095456097198e+002 2.3950000000000000e+002 0. 0. 1.</data></Camera_Matrix>
<Distortion_Coefficients type_id="opencv-matrix">
  <rows>5</rows>
  <cols>1</cols>
  <dt>d</dt>
  <data>
    -3.2962620704911944e-001 1.1825385892673627e-001 0. 0.
    3.8810679584997962e-003</data></Distortion_Coefficients>
<Avg_Reprojection_Error>8.2154977670254858e-001</Avg_Reprojection_Error>
<Per_View_Reprojection_Errors type_id="opencv-matrix">
  <rows>25</rows>
  <cols>1</cols>
  <dt>f</dt>
  <data>
    7.84682751e-001 7.38047242e-001 7.18943179e-001 6.40608907e-001
    6.44389927e-001 6.86658859e-001 1.29501891e+000 1.31909919e+000
    9.13034141e-001 8.32279623e-001 9.15285707e-001 9.17798221e-001
    8.95842791e-001 8.34221959e-001 7.74590850e-001 7.38504350e-001
    6.84971452e-001 6.58026814e-001 6.89967990e-001 8.05000722e-001
    9.18907762e-001 9.37732518e-001 5.68879902e-001 5.26901782e-001
    5.29671907e-001</data></Per_View_Reprojection_Errors>
<!-- a set of 6-tuples (rotation vector + translation vector) for each view -->
<Extrinsic_Parameters type_id="opencv-matrix">
  <rows>25</rows>
  <cols>6</cols>
  <dt>d</dt>
  <data>
    -2.6662300348617085e-001 7.4347811003387707e-002
    -8.0305539640547596e-002 -1.3413241264459364e+002
    -4.9473114999172324e+001 3.6068462836192822e+002
    -2.9387965068337757e-001 7.1628432434975339e-002
    -1.0552096841469069e-001 -1.3736886050268731e+002
    -2.5228449445244610e+001 3.6309970622815905e+002
    -2.9523091295248266e-001 8.1683584898471315e-002
    -6.7988521569736032e-002 -1.1410764485471418e+002
    -3.2807667846031819e+001 3.6572429917713288e+002
    -3.2851410746956661e-001 5.0871342260301378e-002
    -1.6048403762188129e-001 -1.5347696400168206e+002
    1.1757546618818349e+001 3.6155261709503583e+002
    -3.3057311569356790e-001 2.3919172395110769e-002
    -2.1437099630657674e-001 -1.8172804029429290e+002
    2.8389751728612598e+001 3.5121792356091998e+002
    -3.2106598927049945e-001 2.0642648433230348e-003
    -2.4438545282596921e-001 -2.0154388704885213e+002
    3.1752373569944659e+001 3.4018377026712534e+002
    -1.9033934928623950e-001 -8.1691058167819214e-002
    -1.0291069998812029e-001 -1.5406176997035971e+002
    -9.5908320929763704e+001 2.8289991552171335e+002
    -1.7384393775469970e-001 -1.1333591595073940e-001
    -1.3472219158066470e-001 -1.6173403370141304e+002
    -8.4979717608152498e+001 2.7883546748361766e+002
    -3.4777902503085006e-001 -2.1892003576105139e-002
    -1.2699431002829928e-003 -5.0466630578933170e+001
    -8.5460797745745438e+001 3.3582422337695340e+002
    -3.5368001788362896e-001 5.7639204837048458e-002
    -2.4824812245826538e-002 -3.4215975338606867e+001
    -8.4312143451584134e+001 3.5096119951090213e+002
    -3.3830065560030104e-001 1.0281457703517334e-001
    2.6865580013153336e-002 -7.2357495198863599e+000
    -1.0197899032214377e+002 3.3842829845779312e+002
    -3.2332354433908339e-001 6.9290522482425287e-002
    -5.8751583498208840e-004 -3.0249598577326232e+001
    -8.2870998574536429e+001 3.2869494245910977e+002
    -2.8767810379938497e-001 6.3292014643591563e-002
    -4.0708502922073168e-002 -3.8805200519901234e+001
    -6.2095735696295712e+001 3.1991072222820611e+002
    -2.7693095023102016e-001 7.2539502592087093e-002
    -5.7920035422966316e-002 -3.5609357776865110e+001
    -3.3981058983692414e+001 3.1408520166527308e+002
    -3.0194865234958523e-001 6.8614219864690615e-002
    -2.7150023237654766e-002 -2.1728770492544996e+001
    -2.6107751019297442e+001 3.1772338980860155e+002
    -3.2621004555619343e-001 7.1820089390903688e-002
    -1.8260092161032370e-002 -1.7519775156117582e+001
    -1.7535399644485938e+001 3.2335569431548197e+002
    -3.5197312213334714e-001 8.7883091874971953e-002
    -1.1962913419619789e-002 -6.2901528816862218e+000
    -5.2695982319873451e+000 3.2872502046041842e+002
    -3.6480140916098974e-001 1.0400557016252446e-001
    -1.7829280253501348e-002 2.6407823010174210e+000
    5.7474763513539595e-001 3.3125296811314701e+002
    -3.4701525533149341e-001 9.5656901942946126e-002
    -3.5751306235533159e-002 -1.2363679549501274e+001
    -6.5057553198752371e+000 3.2949599255284130e+002
    -3.1049396473713636e-001 3.3028756211468314e-002
    -1.2020444815070067e-001 -9.2471859613173720e+001
    -2.1950360918052493e+001 3.2030257689938992e+002
    -3.1602300790038623e-001 4.0777490607404052e-003
    -1.0814653994870953e-001 -1.1626259193455297e+002
    -4.5336166270235424e+001 3.1649830240534214e+002
    -1.8455140753835950e-001 -9.5677614877401826e-002
    -5.9458807511289388e-002 -1.3203613820134862e+002
    -8.3030917436039175e+001 3.3030538807286774e+002
    -2.3266513602165600e-001 -1.1745673711904316e-001
    6.0068471081141149e-003 -1.2457828027463640e+002
    -9.5320660149281366e+001 4.2947266712555364e+002
    -2.6749001735113653e-001 -6.1252839897939795e-002
    -1.0901270615384970e-002 -8.6544812063164741e+001
    -6.7149485834345683e+001 4.3185070450677381e+002
    -2.7614471541415692e-001 -4.3774477203735992e-002
    -1.3591651222486487e-002 -7.5275603889162738e+001
    -6.1333729324741796e+001 4.3430039758538561e+002</data></Extrinsic_Parameters>
